0 1
0 5
0 9
0 20
0 24
0 25
0 31
0 46
0 84
0 99
0 100
0 104
0 106
0 121
1 2
1 6
1 21
1 26
1 30
1 32
1 45
1 47
1 101
1 105
1 107
1 120
1 122
2 3
2 7
2 22
2 27
2 31
2 33
2 46
2 48
2 102
2 106
2 108
2 121
2 123
3 4
3 8
3 23
3 28
3 32
3 34
3 47
3 49
3 103
3 107
3 109
3 122
3 124
4 5
4 9
4 20
4 24
4 29
4 33
4 48
4 80
4 95
4 100
4 104
4 108
4 123
5 6
5 10
5 14
5 26
5 30
5 36
5 79
5 89
5 101
5 105
5 109
5 111
6 7
6 11
6 25
6 27
6 31
6 35
6 37
6 100
6 102
6 106
6 110
6 112
7 8
7 12
7 26
7 28
7 32
7 36
7 38
7 101
7 103
7 107
7 111
7 113
8 9
8 13
8 27
8 29
8 33
8 37
8 39
8 102
8 104
8 108
8 112
8 114
9 10
9 14
9 28
9 34
9 38
9 75
9 85
9 103
9 105
9 109
9 113
10 11
10 15
10 19
10 31
10 35
10 41
10 84
10 94
10 106
10 110
10 114
10 116
11 12
11 16
11 30
11 32
11 36
11 40
11 42
11 105
11 107
11 111
11 115
11 117
12 13
12 17
12 31
12 33
12 37
12 41
12 43
12 106
12 108
12 112
12 116
12 118
13 14
13 18
13 32
13 34
13 38
13 42
13 44
13 107
13 109
13 113
13 117
13 119
14 15
14 19
14 33
14 39
14 43
14 80
14 90
14 108
14 110
14 114
14 118
15 16
15 20
15 24
15 36
15 40
15 46
15 89
15 99
15 111
15 115
15 119
15 121
16 17
16 21
16 35
16 37
16 41
16 45
16 47
16 110
16 112
16 116
16 120
16 122
17 18
17 22
17 36
17 38
17 42
17 46
17 48
17 111
17 113
17 117
17 121
17 123
18 19
18 23
18 37
18 39
18 43
18 47
18 49
18 112
18 114
18 118
18 122
18 124
19 20
19 24
19 38
19 44
19 48
19 85
19 95
19 113
19 115
19 119
19 123
20 21
20 26
20 41
20 45
20 79
20 94
20 101
20 116
20 120
20 124
21 22
21 25
21 27
21 40
21 42
21 46
21 100
21 102
21 115
21 117
21 121
22 23
22 26
22 28
22 41
22 43
22 47
22 101
22 103
22 116
22 118
22 122
23 24
23 27
23 29
23 42
23 44
23 48
23 102
23 104
23 117
23 119
23 123
24 28
24 43
24 49
24 75
24 90
24 103
24 118
24 120
24 124
25 26
25 30
25 45
25 50
25 56
25 59
25 71
25 74
25 79
25 109
25 124
26 27
26 31
26 46
26 51
26 55
26 57
26 70
26 72
27 28
27 32
27 47
27 52
27 56
27 58
27 71
27 73
28 29
28 33
28 48
28 53
28 57
28 59
28 72
28 74
29 34
29 49
29 54
29 55
29 58
29 70
29 73
29 75
29 105
29 120
30 31
30 35
30 51
30 54
30 55
30 61
30 64
30 84
30 104
30 114
31 32
31 36
31 50
31 52
31 56
31 60
31 62
32 33
32 37
32 51
32 53
32 57
32 61
32 63
33 34
33 38
33 52
33 54
33 58
33 62
33 64
34 39
34 50
34 53
34 59
34 60
34 63
34 80
34 100
34 110
35 36
35 40
35 56
35 59
35 60
35 66
35 69
35 89
35 109
35 119
36 37
36 41
36 55
36 57
36 61
36 65
36 67
37 38
37 42
37 56
37 58
37 62
37 66
37 68
38 39
38 43
38 57
38 59
38 63
38 67
38 69
39 44
39 55
39 58
39 64
39 65
39 68
39 85
39 105
39 115
40 41
40 45
40 61
40 64
40 65
40 71
40 74
40 94
40 114
40 124
41 42
41 46
41 60
41 62
41 66
41 70
41 72
42 43
42 47
42 61
42 63
42 67
42 71
42 73
43 44
43 48
43 62
43 64
43 68
43 72
43 74
44 49
44 60
44 63
44 69
44 70
44 73
44 90
44 110
44 120
45 46
45 51
45 54
45 66
45 69
45 70
45 99
45 104
45 119
46 47
46 50
46 52
46 65
46 67
46 71
47 48
47 51
47 53
47 66
47 68
47 72
48 49
48 52
48 54
48 67
48 69
48 73
49 50
49 53
49 65
49 68
49 74
49 95
49 100
49 115
50 51
50 54
50 55
50 70
50 75
50 81
50 84
50 96
50 99
51 52
51 56
51 71
51 76
51 80
51 82
51 95
51 97
52 53
52 57
52 72
52 77
52 81
52 83
52 96
52 98
53 54
53 58
53 73
53 78
53 82
53 84
53 97
53 99
54 59
54 74
54 79
54 80
54 83
54 95
54 98
55 56
55 59
55 60
55 76
55 79
55 80
55 86
55 89
56 57
56 61
56 75
56 77
56 81
56 85
56 87
57 58
57 62
57 76
57 78
57 82
57 86
57 88
58 59
58 63
58 77
58 79
58 83
58 87
58 89
59 64
59 75
59 78
59 84
59 85
59 88
60 61
60 64
60 65
60 81
60 84
60 85
60 91
60 94
61 62
61 66
61 80
61 82
61 86
61 90
61 92
62 63
62 67
62 81
62 83
62 87
62 91
62 93
63 64
63 68
63 82
63 84
63 88
63 92
63 94
64 69
64 80
64 83
64 89
64 90
64 93
65 66
65 69
65 70
65 86
65 89
65 90
65 96
65 99
66 67
66 71
66 85
66 87
66 91
66 95
66 97
67 68
67 72
67 86
67 88
67 92
67 96
67 98
68 69
68 73
68 87
68 89
68 93
68 97
68 99
69 74
69 85
69 88
69 94
69 95
69 98
70 71
70 74
70 76
70 79
70 91
70 94
70 95
71 72
71 75
71 77
71 90
71 92
71 96
72 73
72 76
72 78
72 91
72 93
72 97
73 74
73 77
73 79
73 92
73 94
73 98
74 75
74 78
74 90
74 93
74 99
75 76
75 80
75 95
75 100
75 106
75 121
76 77
76 81
76 96
76 101
76 105
76 107
76 120
76 122
77 78
77 82
77 97
77 102
77 106
77 108
77 121
77 123
78 79
78 83
78 98
78 103
78 107
78 109
78 122
78 124
79 84
79 99
79 104
79 108
79 123
80 81
80 85
80 101
80 105
80 111
81 82
81 86
81 100
81 102
81 106
81 110
81 112
82 83
82 87
82 101
82 103
82 107
82 111
82 113
83 84
83 88
83 102
83 104
83 108
83 112
83 114
84 89
84 103
84 109
84 113
85 86
85 90
85 106
85 110
85 116
86 87
86 91
86 105
86 107
86 111
86 115
86 117
87 88
87 92
87 106
87 108
87 112
87 116
87 118
88 89
88 93
88 107
88 109
88 113
88 117
88 119
89 94
89 108
89 114
89 118
90 91
90 95
90 111
90 115
90 121
91 92
91 96
91 110
91 112
91 116
91 120
91 122
92 93
92 97
92 111
92 113
92 117
92 121
92 123
93 94
93 98
93 112
93 114
93 118
93 122
93 124
94 99
94 113
94 119
94 123
95 96
95 101
95 116
95 120
96 97
96 100
96 102
96 115
96 117
96 121
97 98
97 101
97 103
97 116
97 118
97 122
98 99
98 102
98 104
98 117
98 119
98 123
99 103
99 118
99 124
100 101
100 105
100 109
100 120
100 124
101 102
101 106
101 121
102 103
102 107
102 122
103 104
103 108
103 123
104 105
104 109
104 120
104 124
105 106
105 110
105 114
106 107
106 111
107 108
107 112
108 109
108 113
109 110
109 114
110 111
110 115
110 119
111 112
111 116
112 113
112 117
113 114
113 118
114 115
114 119
115 116
115 120
115 124
116 117
116 121
117 118
117 122
118 119
118 123
119 120
119 124
120 121
121 122
122 123
123 124
